1.48820000000000000e+04 4.49600000000000000e+03 5.25800000000000000e+03 5.20400000000000000e+03 8.40700000000000000e+03 8.09200000000000000e+03 -4.22470000000000000e+04 -1.16455000000000000e+05 5.17850000000000000e+04
4.49600000000000000e+03 6.59630000000000000e+04 -1.75040000000000000e+04 -1.78640000000000000e+04 -1.58540000000000000e+04 -1.48180000000000000e+04 -1.00219000000000000e+05 -1.01506000000000000e+05 2.56900000000000000e+04
5.25800000000000000e+03 -1.75040000000000000e+04 1.75820000000000000e+04 1.76420000000000000e+04 1.58370000000000000e+04 1.71860000000000000e+04 2.70450000000000000e+04 -5.32510000000000000e+04 2.67650000000000000e+04
5.20400000000000000e+03 -1.78640000000000000e+04 1.76420000000000000e+04 1.77380000000000000e+04 1.54350000000000000e+04 1.68980000000000000e+04 2.66250000000000000e+04 -5.60110000000000000e+04 2.74190000000000000e+04
8.40700000000000000e+03 -1.58540000000000000e+04 1.58370000000000000e+04 1.54350000000000000e+04 3.52810000000000000e+04 4.83970000000000000e+04 4.84270000000000000e+04 2.93170000000000000e+04 1.21700000000000000e+04
8.09200000000000000e+03 -1.48180000000000000e+04 1.71860000000000000e+04 1.68980000000000000e+04 4.83970000000000000e+04 9.35000000000000000e+04 5.38600000000000000e+03 -9.23440000000000000e+04 1.12416000000000000e+05
-4.22470000000000000e+04 -1.00219000000000000e+05 2.70450000000000000e+04 2.66250000000000000e+04 4.84270000000000000e+04 5.38600000000000000e+03 1.02778000000000000e+06 1.74455000000000000e+06 -9.63140000000000000e+05
-1.16455000000000000e+05 -1.01506000000000000e+05 -5.32510000000000000e+04 -5.60110000000000000e+04 2.93170000000000000e+04 -9.23440000000000000e+04 1.74455000000000000e+06 5.20079000000000000e+06 -2.30662000000000000e+06
5.17850000000000000e+04 2.56900000000000000e+04 2.67650000000000000e+04 2.74190000000000000e+04 1.21700000000000000e+04 1.12416000000000000e+05 -9.63140000000000000e+05 -2.30662000000000000e+06 1.39002000000000000e+06
