1.24650000000000000e+04 1.45620000000000000e+04 4.14120000000000000e+04 -3.98400000000000000e+03 8.26200000000000000e+03 6.21780000000000000e+04 -2.05770000000000000e+04
1.45620000000000000e+04 1.77080000000000000e+04 4.48080000000000000e+04 -1.27800000000000000e+03 1.08780000000000000e+04 7.43800000000000000e+04 -2.24560000000000000e+04
4.14120000000000000e+04 4.48080000000000000e+04 1.64408000000000000e+05 -4.12780000000000000e+04 4.57800000000000000e+03 1.58680000000000000e+05 -7.01060000000000000e+04
-3.98400000000000000e+03 -1.27800000000000000e+03 -4.12780000000000000e+04 3.11610000000000000e+04 2.41990000000000000e+04 3.76620000000000000e+04 6.22100000000000000e+03
8.26200000000000000e+03 1.08780000000000000e+04 4.57800000000000000e+03 2.41990000000000000e+04 3.99370000000000000e+04 1.20170000000000000e+05 -2.32670000000000000e+04
6.21780000000000000e+04 7.43800000000000000e+04 1.58680000000000000e+05 3.76620000000000000e+04 1.20170000000000000e+05 4.92812000000000000e+05 -1.27852000000000000e+05
-2.05770000000000000e+04 -2.24560000000000000e+04 -7.01060000000000000e+04 6.22100000000000000e+03 -2.32670000000000000e+04 -1.27852000000000000e+05 4.23380000000000000e+04
