1.78836000000000000e+05 1.78836000000000000e+05 1.78836000000000000e+05 1.79790000000000000e+05 1.49678000000000000e+05 7.86620000000000000e+04 4.62746000000000000e+05 -3.22710000000000000e+04
1.78836000000000000e+05 1.78836000000000000e+05 1.78836000000000000e+05 1.79790000000000000e+05 1.49678000000000000e+05 7.86620000000000000e+04 4.62746000000000000e+05 -3.22710000000000000e+04
1.78836000000000000e+05 1.78836000000000000e+05 1.78836000000000000e+05 1.79790000000000000e+05 1.49678000000000000e+05 7.86620000000000000e+04 4.62746000000000000e+05 -3.22710000000000000e+04
1.79790000000000000e+05 1.79790000000000000e+05 1.79790000000000000e+05 1.80848000000000000e+05 1.51248000000000000e+05 7.91640000000000000e+04 4.61894000000000000e+05 -3.11370000000000000e+04
1.49678000000000000e+05 1.49678000000000000e+05 1.49678000000000000e+05 1.51248000000000000e+05 1.82553000000000000e+05 1.33438000000000000e+05 5.69115000000000000e+05 -4.17220000000000000e+04
7.86620000000000000e+04 7.86620000000000000e+04 7.86620000000000000e+04 7.91640000000000000e+04 1.33438000000000000e+05 1.32322000000000000e+06 2.33454000000000000e+06 -8.75455000000000000e+05
4.62746000000000000e+05 4.62746000000000000e+05 4.62746000000000000e+05 4.61894000000000000e+05 5.69115000000000000e+05 2.33454000000000000e+06 5.70388000000000000e+06 -1.50956000000000000e+06
-3.22710000000000000e+04 -3.22710000000000000e+04 -3.22710000000000000e+04 -3.11370000000000000e+04 -4.17220000000000000e+04 -8.75455000000000000e+05 -1.50956000000000000e+06 6.68378000000000000e+05
