1.30530000000000000e+04 2.52400000000000000e+03 8.69000000000000000e+02 2.34200000000000000e+03 -4.96700000000000000e+03 2.74200000000000000e+03 1.25800000000000000e+04 -1.57400000000000000e+03
2.52400000000000000e+03 9.56400000000000000e+03 4.39400000000000000e+03 1.69680000000000000e+04 -6.11000000000000000e+03 1.72700000000000000e+03 5.19100000000000000e+03 -1.10100000000000000e+03
8.69000000000000000e+02 4.39400000000000000e+03 1.10690000000000000e+04 1.55830000000000000e+04 -5.98400000000000000e+03 1.34400000000000000e+03 3.92000000000000000e+02 4.54000000000000000e+03
2.34200000000000000e+03 1.69680000000000000e+04 1.55830000000000000e+04 5.48240000000000000e+04 -1.04470000000000000e+04 -3.45900000000000000e+03 7.86800000000000000e+03 -6.77500000000000000e+03
-4.96700000000000000e+03 -6.11000000000000000e+03 -5.98400000000000000e+03 -1.04470000000000000e+04 7.21900000000000000e+03 -4.37800000000000000e+03 -7.78900000000000000e+03 -1.99400000000000000e+03
2.74200000000000000e+03 1.72700000000000000e+03 1.34400000000000000e+03 -3.45900000000000000e+03 -4.37800000000000000e+03 6.42900000000000000e+03 6.76900000000000000e+03 4.43300000000000000e+03
1.25800000000000000e+04 5.19100000000000000e+03 3.92000000000000000e+02 7.86800000000000000e+03 -7.78900000000000000e+03 6.76900000000000000e+03 4.46830000000000000e+04 -1.93490000000000000e+04
-1.57400000000000000e+03 -1.10100000000000000e+03 4.54000000000000000e+03 -6.77500000000000000e+03 -1.99400000000000000e+03 4.43300000000000000e+03 -1.93490000000000000e+04 2.25770000000000000e+04
